3,2
10,260
10,264
10,76
10,116
10,188
10,146
10,108
10,96
10,2
9,2
9,3
8,5
8,12
8,11
8,16
8,15
8,2
8,3
88,3
88,2
88,1
34,3
34,1
28,5
28,4
28,3
28,2
28,1
28,0
27,4
27,3
27,2
27,1
27,0
26,4
26,3
26,2
26,1
26,0
25,4
25,3
25,2
25,1
25,0
24,3
24,2
24,1
24,0
20,3
20,2
20,1
19,3
19,2
19,1
12,3
12,2
12,1
11,30
11,29
11,28
11,27
11,26
11,25
11,24
11,23
11,22
11,21
11,20
11,19
11,18
11,17
11,16
11,15
11,14
18,1
11,13
18,3
11,12
11,11
11,10
11,9
11,8
11,7
11,6
14,1
11,5
14,3
11,4
11,3
13,1
11,2
13,3
11,1
10,311
10,309
10,306
10,301
10,300
